111111111111111111111111111111111111111111111111111111111111111111111111111111111111111111110000
100000000000000000000000000000000000000000000000000000000000000000000000000000000000000000000000
101111111111111111111111111111111111111111111111111111111111111111111111111111111111111111110000
101111111111111111111111111111111111111111111111111111111111111111111111111111111111111111110000
101111111111111111111111111111111111111111111111111111111111111111111111111111111111111111110000
101111111111111111111111111111111111111111111111111111111111111111111111111111111111111111110000
101111111111111111111111111111111111111111111111111111111111111111111111111111111111111111110000
101111111111111111111111111111111111111111111111111111111111111111111111111111111111111111110000
101111111111111111111111111111111111111111111111111111111111111111111111111111111111111111110000
101111111111111111111111111111111111111111111111111111111111111111111111111111111111111111110000
101111111111111111111111111111111111111111111111111111111111111111111111111111111111111111110000
101111111111111111111111111111111111111111111111111111111111111111111111111111111111111111110000
101111111111111111111111111111111111111111111111111111111111111111111111111111111111111111110000
101111111111111111111111111111111111111111111111111111111111111111111111111111111111111111110000
101111111111111111111111111111111111111111111111111111111111111111111111111111111111111111110000
101111111111111111111111111111111111111111111111111111111111111111111111111111111111111111110000
101111111111111111111111111111111111111111111111111111111111111111111111111111111111111111110000
101111111111111111111111111111111111111111111101101111111111111111111111111111111111111111110000
101111111111111111111111111111111111000111111111111110111111111111111111111111111111111111110000
101111111111111111111111111111111111111111110110111111110111111111111111111111111111111111110000
101111111111111111111111111111111111111111111111111011111111111111111111111111111111111111110000
101111111111111111111111111111111100010100011111111111001111111111111111111111111111111111110000
101111111111111111111111111111111111111111111101000111111001111111111111111111111111111111110000
101111111111111111111111111111111111110000011111111100011111100111011111111111111111111111110000
101111111111111111111111111111111000111100110100011111110101111111111111111111111111111111110000
101111111111111111111110001111111111111111111111000011111100011100111111111111111111111111110000
101111111111111111111101111111111001010010110011111010001111000111011110111111111111111111110000
101111111111111111111111111000101111111111111110011111000001111001111111111111111111111111110000
101111111111111111111111001111111000010000000000000111111100111100111111111111111111111111110000
101111111111111111111101111111111111111111111111111100001111000111001001111111111111111111110000
101111111111111111110011110011111000111010000100011111110001110011100110111101111111111111110000
101111111111111111101111001110011000111011101111100000111100001100010011111110111111111111110000
101111111111111111111110011011111111111111110010111110000111100010001101100011111111111111110000
101111111111111111111001111111111100000000000000010111100010110001101110010001111111111111110000
101111111111111111110111100001111111111111111111111100111000011100111111111100111111111111110000
101111111111111100101110111111001000000001100000011111010111000011001101100110011111111111110000
101111111111111001111001111111011111111111111101010000100001111100110110010011101111111111110000
101111111111111111111000011111110000100000000000111100001100010010011011001111100111111111110000
101111111111111111001100011000000101111111110000000011100011001101101001100100110111111111110000
101111111111111111101110010000011111100000000001111100001001100110100110110010011001111111110000
101111111111111110111011001111110001111111111000000111100000011001111011111001001100111111110000
101111111111111111000001111100111111110000000001110000000100000110101101101001111111111111110000
101111111111111111111001100001111000001101100110000001100001100000000110100100110111111111110000
101111111111110111010111000111000001111000000001111001001000100000010011010110010001111111110000
101111111111111101000100011000011100000000000000000001000010010001001101001110011000111111110000
101111111111111011011001100001100000011111110111100000000001000100100100101011011100011111110000
101111111111111110110111001110001111100000000000000000000000110010010010100001001111011111110000
101111111111111100100110111000111000001111111110000010000011001000001011010001000001101111110000
101111111111101001101101100011100001100000000010010000101000100000000001010101111100111111110000
101111111101010011111001000111111100000011110000000000000100000000000101011100100110011111110000
101111111111010100110110011001100000111000000000110000100001000000101010011011100000001111110000
101111111111101101111101110111001100001000000000000000001000010000000010110100001000110011110000
101111111111001011011011001100000000011000000001000000000000001001000111011011000010011011110000
101111111111010010110110011010111100000000000000000000000000000100000100100100011001101101110000
101111111110010110101111110011000000011000011100000000000000000000001000001011000100110111110000
101111111110111101011001100110011011100001000000000000000000000010000000000110100010011011110000
101111111111101000110011011001100010000100000000000000000000001101000000000010010001001101110000
101111111111001000100110110111000100010000000000000000000000000000000000000001001000100101110000
101111111111010000101101100110010001100001000000000000000000000000000000000100100010010011110000
101111111111110010011001001101100010000100000000000000000100001000000000000010010001001001110000
101111111111100111110010011011011100010000011000000010001000000100000000000000000000000001110000
101111111111101010100100110010011001000010000000000000110000000000000000000001000000000111110000
101111111111011110101100101100100110011000000111111111000000000000010000010000100001000011110000
101111111111010101101001101111001000100001100000000000000000000000001001000010010000010011110000
101111111110110101101011011110010011000110000000111100100000000000000100000001001100001111110000
101111111110101101011110101110100100010000001000000010000001000000010000000000000100100101110000
101111111110101001010100101111001000100001100000000001000000000000000000000010000000110011110000
101111111111101011110001011010010001000100000110011000100000000000000000000001000010010011110000
101111111111011010011010010010100100000000110000000100000010010000000000100000001001001001110000
101111111111010010110110110100100100100001000000000000000001000001000010010000100100100111110000
101111111111110111110110100101001001000000000000001000100100100000000000000010010000010011110000
101111111111110101101111101001010010010010000000000000010000000000000000000000000010011111110000
101111111111111101101101001010010010000100100000000000000000000000000000000000001001001111110000
101111111111111101011011010010010100100000000000000000000001000001000000000000010101001100110000
101111111111111111011011010000110101001001000000000000010000100000000000001000010100110110110000
101111111111101011010010010110101001001000001000000010010010010010000000000000000010010010110000
101111111111111011010010110101101010010010010000000011001010000010000000100000001001001001110000
101111111111111010011110101101001010010010010000000001000001001001000000000000011001001000110000
101111111111111010010111101001000010010010010010000000100100100000000000000010110100100100110000
101111111111111010100111101001010010010010010000000000010100000000000000000000010100100100110000
101111111111110010100111001001010010010010010010000010010010010010000000000001011010010011110000
101111111111110110100111101001010010010010010010010010000010010010000000100001001010000001110000
101111111111110110100101001010010010011010010010010001001001001001010010000100101000101001110000
101111111111111110101101001011010010011010010000010001000101001001001000000000100001100100110000
101111111111111110101101011010010000011000001001000000100101100100100001000000000100100110110000
101111111111111110111001011011010011001001001001001100100000100100100101001000010000000010110000
101111111111111111101001011001011011001001001001000100010010000000000100100000000010010011110000
101111111111111101101111001001011001001001001000100000010010010010010000100000000000000001110000
101111111111111111101111111001001001001001100100100010000001000000000000000100000001001001110000
101111111111111111101101101001101001001000000100100011001001001001000000000000100000001001110000
101111111111111111101111101001101001100100100100010000000001000001000000000000010000100101110000
101111111111111111101101101001101000100100100110010001000100100100100001000000000010000010110000
101111111111111111111101101100100100100100100110001000100100100000000000000000000000000011110000
101111111111111111111101101100100100100000010000001000100010010010010010001000000001000001110000
101111111111111111100101100100100100100000010000000100100010010010010001000100100000001001110000
101111111111111111111100100100110100110010010010100100010010000001001001100100100100101101110000
101111111111111111100100101100110010010010010010000011010001001001000000100010010000000111110000
101111111111111111110100101110010010010000001000010010000001001000100100010000000000000111110000
101111111111111111110110101010010010010001001001000011001000100100010010000001000000000011110000
000000000000000000000000000000000000000000000000000000000000000000000000000000000000000000000000
000000000000000000000000000000000000000000000000000000000000000000000000000000000000000000000000
000000000000000000000000000000000000000000000000000000000000000000000000000000000000000000000000
000000000000000000000000000000000000000000000000000000000000000000000000000000000000000000000000
