111111111111111111111111111111111111111111111111111111111111111111111111111111111111111111110000
100000000000000000000000000000000000000000000000000000000000000000000000000000000000000000000000
101111111111111111111111111111111111111111111111111111111111111111111111111111111111111111110000
101111111111111111111111111111111111111111111111101111110111111111111111111111111111111111110000
101111111111111111111111111111111111110111111011110011110111100111111111111111111111111111110000
101111111111111111110111111111100011111100111110111100111011110011110111111111111111111111110000
101111111111111011111101000011111100011110001111001110111110111000111011111001111111111111110000
101111111111111101011111100000111110000111100011100111000111000110000000111100111111111111110000
101111111111111111100111111110000111110100111000110001100011100011110000011110011111111111110000
101111111100000110000000000111100000111100001100011000111000111000011110000111101111111111110000
101111111111000100011010000000111000001111000011111100001110001110000111000011100011111111110000
101111111111111111111111111000001111000001111000001111000011100111100011110001111011111111110000
101111110000101101111000001111000011110000001111000011110000110000110000111000011110011111110000
101111110010001000001111000001110000111111000011110000111000011100011100001100001110001111110000
101111111111111111100001111000001100000011110000011100001110000110000110000111000111110111110000
101111001001100111111100001111000011000001111100000111000111100011100011000011100001111111110000
101111000000000000100111000000111111111000000111000001100001110000110001111001111000011111110000
101111111111111110100000111000000000011111000001111000111000011100011000011100011100001111110000
101111001111100101111000000111100000000011111000011100001110001110001110000110000111000011110000
101100000000000000000111100011111111000000011110000111000011000111100011100011100001110011110000
101111111111111100000000010000010111111000000011110001110000110000110000110000111000111001110000
101111011010101111111110001100000000011111110000111000011100011000011100111000011100011100110000
101000000000000000000111111111111000000001111100000110000110001110001110001100000110001111110000
101000011111111110000000000000011111100000001111000011100001100011000011000011100011000011110000
101111111111111111111111100010000111110011100000110000011000111001110001110000110001110001110000
101100110000000000100011111100000000011000111100001110000000011000011000111000011000111000110000
101100100001011101110000000011100000000110000110000001110000001110001110001111001110001110010000
100001001111111111111111100000111111000001100000110000011000000011000011000011100011000011110000
101110011111110010000100001100000001111000011100001110000111110001110001110000100001100000110000
101100111000000000000100000001110000001110000011000001100001111000011000011000011000011000010000
100001110000111111111111111111111100000000100001110000111000011100001110001110000110001100000000
100111000011111110000000000100000111110000011100011100001110000111000011100011000011100011000000
101110000111100000000111111110000000001100100011000011000011000001110001110001110000110001110000
101100001100000011110000010000111100000000110011110000110000110000011000011000010000011000110000
101000111000011110000000110000111111100000000000011100001100001100001100000100001100000111000000
100001100001111000011111111000000111111111100000001100000011000111000110000011000111000011000000
100111000111100000111100000000100000011000011111000000000000100001100001111000100100110001110000
101110001110000011100000010111111100001100000001110001001000010000110000111000110010001000010000
101000011000001110000111110001011111000011110000011000001100001100001100011100011001000110000000
100000110000111000011110000000000011110000011110000100000011000011000110000100001000100001000000
101001100001101001110000000110000000001100000011000011000001100001100001100010000100010001100000
100111000111001011100001111111111110000011000000110000110000011000010000110001100010001100010000
101100001100011100011111111000001111110000110000011100001100001100001100010000110001000010000000
101100011000110000111000000000000000011000001110000110000011000011000110000100001000110001000000
100000110001100001100000000111100000000110000011100001100000100001100001000010000110011000110000
100001100011000110000001111111111110000001100000110100011000011000010000100001000011000100010000
100011000100001100011110100000000000111000011000000100000100001100000000011000110001100010000000
100100001000110000110000000000000000001110000001000011000011000110000110000000011000010001000000
101100011001100011000000111111111100000001100000010000100001100001000001000100001100001000100000
101000110010000110000111111100000011100000000100000110001000010000110000100001000010000100010000
100001000100001000011100000000000000001011000001000010000010001000001000000001100001100010000000
100011000100100000110000000100100000000000100000010000000001000100000100001000110000110001000000
100110001000000011000001111111100011100000001100000000000000100001000110000100011000011000110000
101100110000000101001110001000000000000100000001000000000100000000100001000110000100001100010000
101000100100011000011000100000000010000001100000000000000010000000010000100011000110000100000000
100001100000100000110000101111011110110000000100000000110001000010001000010000100001000010000000
100011000000100011000011110000000000000011000000000000011000100001000100001000110001110001000000
100110000100001100000110000000000000000000010000000000000100010000100001000100001000010000100000
101100011100011000011000010001111100000000000100000000000010000000010000100000000100001000010000
101000010000110000100001110000000000000100000001000000100001000000001000110001000010000100000000
101001100001100111000010000000000010000000100000000000010000100000000100010000100001000010000000
100000000010000110001000000000001110000000001100001000001000010001000000001000010000100001000000
100110000110001100011000010000110000000010000000000100000100001000100011000100001000010000100000
100110001100011000100001000001000000000011000000000000000010000100010001100011000100001000110000
101100011000110001000110000100000001000000011000000000100000000010001000010001100011000100010000
101000110001000010000100011000011100000000000001100000000000010001000000010000100011000010000000
100001100001000100001000100001100000000000000000001000000100001000000000001000010001100011000000
100001000110001100010001000110000001000000000000000010000100000100000000000100001000100001000000
100010001100010000100010001000000000000000000010000000000001000010010001000010000000110000100000
100110001000110001000100011000010000011000000000000000110000100000001000100001000100011000110000
100100110000100010001000100001000001000000000000000000011000000000000100010001000010001100010000
101000110001000100011000000110000010000000000000001000001000000000100010001000100001000100000000
100001100011001100011001000100000100011000000000000000000000000000010010000100010001000010000000
100001000110001000100010001000000000100000011000000001100000000010000001000010001000110001000000
100011001100010001000100010001000001000001000000100000100000000001000000100010001000010000100000
100110001000010001000000010000000000000100000000010000000000000000000100010001100100001000110000
101100000000100010001000100000010000001000000000000000000001000000100010001000100011000100010000
101100010001000100010001000000000000000000010000000000000000000000010010001100010001000100000000
101000000000000100010000000000000100000001000000000000000000000000000001000100001001100010000000
100000000010000000000000001000000000000000000000000000000000000000001000100010001000110011000000
100001000000000001000010000000000000000000000000000000000000000000000000010001000100010001100000
100010000000010000000000000000000000000000000000000000000000000000100000000001100110000000110000
100110000000000000000000000000010000010000000000000000000000000000000010001000100000000100010000
101100001000000000000000100000000000010010000010000000000000000000000001000000110001000100010000
101000000000000100000000000000100000000010000000000000000001000000000000000010010000100010000000
101000000001000000000000000000100100000010000000000000000000000000000000100010000000100001000000
100000010000000000000000000000000000000000000000000000000000000000000100000001000000010001100000
100000010000000000000000000000000000000000000000000000000000000000000000000000100010001000110000
100000000000001001001000001000000000000000000000000000000000000000000000000000010000000000010000
100000000000000000001000001000000000000010000000000010000000000000000000000000010000000000000000
100000000100000000001011001001000100000010000000000000000000000000000000000000000000000000000000
100100000100000000001000000001000000000010000000000000010000000000000000000010000100010000000000
100000000100000000000000000000000000000000000000000000000000000000000000000011000110001000100000
101000101100000000000000000000000000000000000000000000000000000000000000010001100010000000010000
100001000100000010000000000000000000000000000000000000000000000000000000000000100001000010000000
100000001100000000000000000000000000000000000000000000000000000000000010001000010000100010000000
100000001000000000000000001000000100000000000000000000000000000000000001000100011000110001100000
100000001000000000000000000000000000000000001000000000000000000000000001000110001100010000110000
101110001001000000000000000000000000000000000010000000011000000000001000100010001100001100010000
000000000000000000000000000000000000000000000000000000000000000000000000000000000000000000000000
000000000000000000000000000000000000000000000000000000000000000000000000000000000000000000000000
000000000000000000000000000000000000000000000000000000000000000000000000000000000000000000000000
000000000000000000000000000000000000000000000000000000000000000000000000000000000000000000000000
