111111111111111111111111111111111111111111111111111111111111111111111111111111111111111111110000
100000000000000000000000000000000000000000000000000000000000000000000000000000000000000000000000
101111111111111111111111111111111111111111111111111111111111111111111111111111111111111111110000
101111111111111111111111111111111111111111111111111111111111111111111111111111111111111111110000
101111111111111111111111111111111111111111111111111111111111111111111111111111111111111111110000
101111111111111111111111111111111111111111111111111111111111111111111111111111111111111111110000
101111111111111111111111111111111111111111111111111111111111111111111111111111111111111111110000
101111111111111111111111111111111111111111111111111111111111111111111111111111111111111111110000
101111111111111111111111111111111111111111111111111111111111111111111111111111111111111111110000
101111111111111111111111111111111111111111111111011111110111111111111111111111111111111111110000
101111111111111111111111111111111111111110111111100011111100111111111111111111111111111111110000
101111111111111111111111111111111111111011111111111100111111101111011110111111111111111111110000
101111111111111111111111111111110111101111100011001111111101110011110111101111111111111111110000
101111111111111111111111111111111110111110011111111000111100011110111101110111111111111111110000
101111111111111111111110111110111011110001111100001110101111100111011100111011111111111111110000
101111111111111111111100111101110111100111110011111001110111111011100111011101111111111111110000
101111111111011101111011111111001111011110011111111111111100111101111011101110111111111111110000
101111111110111011101111101110011101111001111110010100011110011111011101110111111111111111110000
101111111101110111011110111101110011110111111001111111100111110011111110011011111111111111110000
101111111011101110111101110011100111001110001111000011110101111100111011001101101111111111110000
101111110111011101110011100111001110111001111111111110011110011110111101101110110110111111110000
101111111110111011100111011100111001110111100000111111100111100111101110111110011111111111110000
101111101101110111011110111001110011100000100100000001111001111001110010011011001101111111110000
101111111111101110111101100011101111011011111111110000011110011110011011101101101110111111110000
101111111011111101110111001111011100111111000000000011100111100111000100100110110110011111110000
101111110110111011111110011100110011110000111111100000011001110011100010011011011011011111110000
101111101110110111011000110001100111000111111111111100001100011001011001001001001101111111110000
101111011101111110110011110010001110111110000000000110000011001110100100101100101100110111110000
101111111011101101100111000110011101110001111111000000100000100011010010110000100100110111110000
101110110111011011101110011100110011001111111111111000011100011001000000010010010010011011110000
101101110110110110011101110001100110011100000000000111000110001000100100000001001001001101110000
101111101100110110111011010011001100111000011111000001110001000110010010100101101101001100110000
101011011001101001100110110110011001100001111111111100011000100010001001110000000100100110110000
101111111011011011001100100100110111001111100000000010000000011001000000100000010010110010110000
101110110111010110011001001001101100111000000100011000100000001000000010000101001011010011010000
101101100110100100110011010011011001100001111111000111011001000100000000000010111101001101110000
101111101110011001100110110110010011001111100000110001000000110011001001000000010100101100110000
101111011100110011001100101100110110011100000000011100000010011001001100010000010000000100110000
101110111001100110011001011001101000110000111110000010000011001100110010011000001100000010010000
101100111011001100110011010011000011000011111111100001100001100110010001011100001100111011010000
101101110110011101100100110110001110001110000000011100011100110010000010000100000100110011010000
101001100110111011001001100100011100011000000100000110000110011011001000000100011010011111110000
101011001101110110011011001100110001110000111111110011000011011001100101000000010011001111110000
101111001001101100110110011000100011000111100000111100100001001100100000001000001001100110110000
101110011011001101100100110011001110001100000000000100000101100100010010000100000000100111110000
101110110110011011001100100110001100010000011110000010000100100010010001000110100110010011110000
101001101110110010011001100100110001100011111111111001000010010001001001000010010010010001110000
101111101100110110010011001000110011000111000010001100000001001001001101000000000011111111110000
101101101001100100110010010001100110001000000001000100010001101100100100100000001001100110110000
101101011001001001100100110010001000110001111100110000001000100100000110100100000000110111110000
101011010010011001000100010100011001100011001110011000001100100110010010000000100110010011010000
101110010110010011001100011000100011000000000010000100100100000100000001000000010010011011100000
101110100100110111011110010001000100000000000000000100000000010000000001000000000011001001110000
101100101101100110011101100010001100011111111000000000010010010000000001000001001001001101110000
101101101001101100110001000110011001110000000100010000001001001000000100000000001000100100110000
101011011011001100110010001100110011000000000010001001001001001000010000000000000000010000110000
101110010010011000100110011001100110000011000001000100000101001101010000000000000101001011100000
101110110110010001001100010011000100001111011001000100100100100001000000000000000100001001100000
101110100100010011001100110010011000110000000100100010000100100100001000000001010010101001110000
101111101101100011001001100000110001110000100010000010010010100100000001000001000010100100110000
101111001001111010011001100001100011000000010010010010010010000100100000000100001000010110110000
101111011011011010010001100001000110000000011000010010001010000100100000100100100000010010010000
101111111010010010010011000110001100010011001001101001001010010000000000000010100101000010010000
101111110010110110110011000110011000010011001001001001001000010000101000010010100101001001110000
101110110100100100110110000100110000100100101000001101001001010000001001010010000100100101110000
101111100100100100100110001000100001000100100101001101001001010010100001001010010010110100110000
101111101101100100100110011001100110000100100101101101001001010010100101000001000010010010110000
101111101001101001100110011001000100000100100100101101001001010010100001001001000001011011110000
101111111001001001100100010011001000100100100100101101001001000010100001000001001001001001110000
101111111001001001000100010010010000100100100100101001001001010010100101000000001001001101110000
101111111010011001001100110010010001100100100100101001001001010010100101010000100000100101110000
101111110010010011001100110100100000101100100101101001001001000010100101010010100100110111110000
101111110110010010001100110100100100101100100101101001001001010010100101010010000010110111110000
101111111110010011011000100111000000001001101101101001001001000010000101000010010010010011110000
101111111110110011011000100110001001001001101101101101101001000010000101001001000010010011110000
101111111100110111011001110100010001011001001111001101101001011010000100001001001010001011110000
101111111101110111011001101100110010011001001001001011111111111010000100101001001010001011110000
101111111101110111011001001000100110010011000001001001101011111111000100000001001001001111110000
101111111101100101011011001001100100110010011001001001001001111111110100100101000101001111110000
101111111111101001011010001001000100100010010010011001001001011111111110100100100110100111110000
101111111111101001010010010010011000100100010010010001001001010011111111110100100110110111110000
101111111101001011010010010010011001100100110010010001001010010010110111110110100010011111110000
101111111101011010010110100100110011001100110110100001001010010010100010111011110010011111110000
101111111111011010010100100100100010011001110110100001010010010010000010111111111110010111110000
101111111111010010010100100101100110010010110100101001010010010010100010010111111111011111110000
101111111111010010010100101001000100100000100101101011010010010010100010010111111111001111110000
101111111111000110110001000011001000100000100001001010010100010010100000000010011001001111110000
101111111111000100110011000010001001000001001001001010100000010010100000000010011001101111110000
101111111111000100100111000000010011000001001010010010100100010010100000000010000100001111110000
101111111111111001100110011100100010011000011010010100100001010000100101001010000100111111110000
101111111111111001100110011000100110010010010010000100101000010000100100001001000011111111110000
101111111111101001101100110011001100010010010010100101001010010000100101101011010010111111110000
101111111111101111011100100010001000100110110100100101001010000100100101001011000010011111110000
101111111111110011011001100110011001100100100100101001000000100100100101001001001010011111110000
101111111111111110010001001100100001101000100101001001010000100100100101001001101111111111110000
101111111111111110010001001000110011001001101001001010010100000100100101001001101101111111110000
101111111111111110110010010001100110001001001001010010010000100100100101101010100111111111110000
101111111111111111110110010001100110110011000010010110100100101101101101101011100111111111110000
101111111111111111101100100011001100110011010010110110110101101101101101101110111111111111110000
000000000000000000000000000000000000000000000000000000000000000000000000000000000000000000000000
000000000000000000000000000000000000000000000000000000000000000000000000000000000000000000000000
000000000000000000000000000000000000000000000000000000000000000000000000000000000000000000000000
000000000000000000000000000000000000000000000000000000000000000000000000000000000000000000000000
