111111111111111111111111111111111111111111111111111111111111111111111111111111111111111111110000
100000000000000000000000000000000000000000000000000000000000000000000000000000000000000000000000
101111111111111111111111111111111111111111111111111111111111111111111111111111111111111111110000
101111111111111111111111111111111111111111111111111111111111111111111111111111111111111111110000
101111111111111111111111111111111111111111111111111111111111111111111111111111111111111111110000
101111111111111111111111111111111111111111111111111111111111111111111111111111111111111111110000
101111111111111111111111111111111111111111111111111111111111111111111111111111111111111111110000
101111111111111111111111111111111111111111111111111111111111111111111111111111111111111111110000
101111111111111111111111111111111111111111111111111111111111111111111111111111111111111111110000
101111111111111111111111111111111111111111111111111111111111111111111111111111111111111111110000
101111111111111111111111111111111111111111111111111111111111111111111111111111111111111111110000
101111111111111111111111111111111111111111111111111111111111111111111111111111111111111111110000
101111111111111111111111111111111111111111111111111111111111111111111111111111111111111111110000
101111111111111111111111111111111111111111111111111111111111111111111111111111111111111111110000
101111111111111111111111111111111111111111111111111111111111111111111111111111111111111111110000
101111111111111111111111111111111111111111111111111111111111111111111111111111111111111111110000
101111111111111111111111111111111111111111111111111111111111111111111111111111111111111111110000
101111111111111111111111111111111111111111111111111111111111111111111111111111111111111111110000
101111111111111111111111111111111111111111111111111111111111111111111111111111111111111111110000
101111111111111111111111111111111111111111111111111111111111111111111111111111111111111111110000
101111111111111111111111111111111111111111111111111111111111111111111111111111111111111111110000
101111111111111111111111111111111111111111111111111111111111111111111111111111111111111111110000
101111111111111111111111111111111111111111110111111111111111111111111111111111111111111111110000
101111111111111111111111111111111111111111111111111111111111111111111111111111111111111111110000
101111111111111111111111111111111111111111111111111111111110111111111111111111111111111111110000
101111111111111111111111111111111000011111111111111111101111111111111111111111111111111111110000
101111111111111111111111111111111111111111110011111111100011111111111111111111111111111111110000
101111111111111111111111111111111110001111111111110011111110011111011111111111111111111111110000
101111111111111111111110011111111111111110000001111111001111111111111111111111111111111111110000
101111111111111111111110111100011111001111111111110000001001111100111101111111111111111111110000
101111111111111111111111100101111001111111010011111111111100001111011111111111111111111111110000
101111111111111111111110111111110100000111111100010000111111100011110111111111111111111111110000
101111111111111111111101111000011111111110111111111000000001111110011111111111111111111111110000
101111111111111111100011100011111110010000000000011111111100000111100110111111111111111111110000
101111111111111110001110001111010001111111111110000000011111100000111110011111111111111111110000
101111111111111001111000111100011111000000000111111100001001111100001111100111111111111111110000
101111111111110011110001100001110000000011110000001111111000000111000001110001111111111111110000
101111111111001111000110000110000011111111111111000000001111100001111100011100111111111111110000
101111111111011100011110011000111111000000000001111110000001111100001110001111011111111111110000
101111111111110001100011100001110000001111111001000001111100000111000011100011110111111111110000
101111111111000011000110000110000011110000000101111000001111100001110001111001110111111111110000
101111111110001100011000011000011100000000000000001111101000111000011111011100011111111111110000
101111111100011000110001100001100001111111111111000000111000001111000111001111001111111111110000
101111111001110011000110000110001110000000000000111100000011000001110001100011100111111111110000
101111111011000110001000011000011000011111111000000111100000111000011000110000110011111111110000
101111110110001000110000000001100011110000011111100000011000001110000100011100011101111111110000
101111101100010001100010000110001100000000000000011110000111000011100011001110001110111111110000
101111111000100010001100001000010000011111111111000000010000110000110001100011000011111111110000
101111110001000100010000100001100011110000000000011100001100001110001100110001110001111111110000
101111110110001000100011000110001110000001100000000011100011000011000110011100011000111111110000
101111101100010011001100001000010000011111111111100000111000110000110001000110001110011111110000
101111111000000100011000110001000001110000000000000100000110000100011000100011000111011111110000
101111110010001000100001000110000110000000010000100011100001100001000110010001100011100111110000
101111100110010001000100011000011000001111111000000000110000011000100011001100110001111111110000
101111101100100010001000110001100000110000000111000000001110000100011000100110011010101111110000
101111111000000000010001000010000100000001000000111100000011100010000100010011001110011011110000
101111110000001000100010001100001100011111000000000001110000110000100010001001000110001011110000
101111100100010000000000010000000000110000000110000000001100001100011001000100100011000001110000
101111000000100010001000100011000011000000011101111110000001100010001100000100010011100110110000
101111001001000100010001000010001100000111000000000010000000110001000110000010011001110011110000
101111100011000000100010001000010000110000000000000000011100001000100001000010001110011011110000
101111110110001000000100010000000011000000110111111000000110000100011000110001000110001101110000
101111000100010000001000100010001100000111100000000010000001100010000100011001110010001110110000
101111001000100010010001000100011000011000000000000001011000110001000010001100010001100111110000
101110011000100100010010001000100001000000111111000000000100001000110001100100011000110011110000
101110010001000000000110010000000100000101100000000110000011000100000000100010001110011011110000
101110010010001001000100000010000000001000000000000000100000000011000100010001000010001100110000
101111000000010001000001001100010000110000000000100000001000010001100010001000100011000110110000
101111000000110010010010011001000011000000011100111000000100001000010000000100010000000110010000
101111001000100100000000100011000100000100000000000011000011000000011000000110001000100010000000
101111010001000100100000000010001000000000000000000000110000100010000000110001001100001001110000
101110010001001000000010010100000000110000010000000000001000010001000000000001100010001001110000
101110110010000000000010000000100001000011100000001000000100000000100010011000110001000000010000
101110100010010000000100000000000000000110000010000001000001000100000001001100000000100000010000
101100100100100000000100001000000000000000001000000000100000000010000000000100000100110001100000
101111000100100000001001000000001000000000000000000000000000000000000000100000000110011001100000
101111001000000000011000010010000000000000000000000000000000000001000000000000000010001110010000
101110011000000010010010010000000000000010000000000000000000000000100000000001000000001100010000
101110011000000010000100100000010010000000000000000000000000000000000010000001001101000110010000
101110010010000000000000100000000010000000010000000000000000000000000000000001100000100010000000
101110110000000000000100000000000100000000000000000000000000000000000000000000100000010001000000
101110100100001000001000001001100000000000000000001000000000000000000000000100010010001001100000
101111100100001001001001000000000000000000000000000000000000000000000000000000011000001000110000
101111001000000000001000000000000000000000000000000000000000000000000000000000000000000110010000
101111011000000000000000001100000000000000000000000000000000000000000000000000000000000110010000
101110010000000000010010001000000000000000000000001000000000000000000000000000000000010010000000
101110010000000000010000010010000000000000000000000000000000000000000000000000000000000011000000
101111110000000000000000100000000001000000000000000000000000000000000000000100000000001001100000
101111100000000000000000100000000000000000000000000000000000000000000000000010010010001000100000
101111100100001000000000000000000000000000000000000000000000000000000000000010000001001100110000
101111100100111000000000000000000000000000000000000000000000000000000000000010000001100000010000
101111100100111000000001000000000000000000000000000000000000000000000000000000001000100010010000
101111101100000000000000000000000000000000000000000000000000010000000000000001000100010010000000
101111101100000000000000000000000000000000000000000000000000010001000000000001000100010011000000
101111110000000000000000001000000000000000000000000000000000000001000000000000100100000001010000
101111111000000000000000001000000000000000000000000000000000000000000000000000000011000001100000
101111111001000000000000000000000000000000000000000000000000000000000000000000000010000000000000
101111111101100100000000000000000000000000000000000000000000000100000000000000000011100001000000
101111111001100100000000000000000000000000000000000000000000000100000000000000000001000001000000
000000000000000000000000000000000000000000000000000000000000000000000000000000000000000000000000
000000000000000000000000000000000000000000000000000000000000000000000000000000000000000000000000
000000000000000000000000000000000000000000000000000000000000000000000000000000000000000000000000
000000000000000000000000000000000000000000000000000000000000000000000000000000000000000000000000
